0,0,0,0,0,0,0,0,0,0,0,0,0,0,
0,0,0,0,1,0,0,0,1,0,0,0,0,0,
0,0,0,0,0,2,0,4,0,0,5,0,0,0,
0,0,0,5,0,0,3,0,0,0,0,0,0,0,
0,0,0,0,0,0,0,0,0,0,0,6,0,0,
0,0,0,6,0,0,1,3,0,0,0,0,0,0,
0,0,0,0,0,5,0,0,0,0,0,0,0,0,
0,0,0,0,0,0,0,0,0,0,0,0,0,0,
0,0,0,0,0,0,0,0,0,0,5,6,0,0,
0,0,0,0,0,0,0,0,0,0,0,0,0,0,
0,0,0,0,0,0,0,0,0,0,0,0,0,0,


0 : pas de ressources
1 : fer
2 : or
3 : marbre
4 : charbon
5 : betail sauvage
6 : chevaux sauvage

le bois se trouve dans les foret (7)
la pierre se trouve dans les plaine et les montagnes (8)